AC  M01336
XX
ID  V$HOXA7_02
XX
DT  20.10.2009 (created); mkl.
DT  22.12.2011 (updated); sla.
CO  Copyright (C), Biobase GmbH.
XX
NA  HOXA7
XX
TY  specific
XX
OS  Vertebrata
OC  Eukaryota; Metazoa; Chordata; Craniata; Vertebrata
XX
BF  T01278; HOXA7; Species: mouse, Mus musculus; site(s) included: yes.
XX
P0      A      C      G      T
01   0.19   0.45   0.25   0.11      N
02   0.22   0.21   0.48   0.09      N
03   0.37   0.36   0.13   0.15      N
04   0.26   0.20   0.30   0.24      N
05   0.15   0.10   0.24   0.50      T
06   0.07   0.11   0.00   0.82      T
07   0.90   0.04   0.01   0.05      A
08   0.94   0.00   0.01   0.04      A
09   0.04   0.01   0.00   0.94      T
10   0.05   0.01   0.04   0.90      T
11   0.82   0.00   0.11   0.07      A
12   0.50   0.24   0.10   0.15      A
13   0.14   0.19   0.13   0.54      T
14   0.34   0.16   0.22   0.27      N
15   0.36   0.19   0.21   0.24      N
16   0.21   0.24   0.31   0.25      N
17   0.19   0.55   0.12   0.14      C
XX
BA  sequences (universal protein binding microarrays (PBM))
XX
CC  Seed- and Wobble algorithm used; computed from all possible octamer DNA sequences used in the PBM
XX
DR  JASPAR: PH0054.
XX
RN  [1]; RE0064441.
RT  Matrices from protein binding microarrays
RL  TRANSFAC Reports Rel20094:0001 (2009).
RN  [2]; RE0054981.
RX  PUBMED: 18585359.
RA  Berger M. F., Badis G., Gehrke A. R., Talukder S., Philippakis A. A., Pena-Castillo L., Alleyne T. M., Mnaimneh S., Botvinnik O. B., Chan E. T., Khalid F., Zhang W., Newburger D., Jaeger S. A., Morris Q. D., Bulyk M. L., Hughes T. R.
RT  Variation in homeodomain DNA binding revealed by high-resolution analysis of sequence preferences.
RL  Cell 133:1266-1276 (2008).
XX
//
